9
18
2
2
1
9
1
1
2
6
1
5
33
3
1
1
67
3
1
145
39
12
6
1
2
9
2
6
48
1
3
3
1
2
1
1
191
2
8
3
1
4
2
1
2
1
1
1
7
1
36
1
1
35
1
1
1
44
1
3
4
1
1
9
1
1
1
1
1
2
5
1
1
1
1
48
1
1
2
6
1
33
80
7
160
2
2
22
1
514
6
7
1
3
1
6
16
1
116829
70
11
1
6
2
5
1
5
2
1
1
1
17
2
2
100
1
9
1
1
384
1
1
189
1
197
1
1
1
1
1
1
1
2
1
135
1
2
83
5
3
1
1
3
1
1
1
4
235
3
120
4
1
1
1
9
3
2
1
3
4
1
69
1
1
1
1
1
147
232
21
1
1
68
1467
12
114
5
1
2
8
6
2
1
1
1
1
4
1
1
8
2
16
5
5
12
2
21
5
1
1
1
2
3
1
2
2
10
1
190
1
11
3
36
1
37
1
23
1
1
7
5
1
165
2
1
1
4
1
292
2
1
10
4
1
2
23
3
11
18
2
47
51
5
15
3
2
1
4
1
3
2
1
4
1
1
2
2683
1
1
118
7
7
26
1
1
1
1
1
1
2
9
3
1
904
1
1
19
2
1
1
1
40
1
4
1
21
8
3
1
19
5
1
1
1
30
2
1
1
503
45
8
1
1
1
1
9
1267
2
2
12
33
1
1
4
1
4
1
8
1
1
1
1
3
1
4
1
1
2
1
80
2
5
1
4
2
226
1
2
72
1
1
2
31
2
2
1
31
16
1
44
564
1
1
1
3
2
12
2
2
1
23
28
4
7
4
55
2647
17
1
18
2
5
2
146
1
11
1
3
1
1
551
19
38
19
1
1
67
4
1060
3
3
1
2
31
4
6
606
7
19
8
13
2
3
11
4
1
1
26
2
1
7
1
1
7
8
4
1
5
2
3
4
1
1
2
1
2534
5
1
20
1
10
4
11
43
25
1
1
1
4
62
2
1
1
88
1
13
8
25248
8
4
48
196
44
1
1
1
8
1423
1
1
3
2
1
9
2
1
11
3
1
38
1
1
1
1
2
1255
2
4
1
39
294
2
8
6
12
1
2
2
7
9
3
3
6
1
1
2
1
69
1
1
51
1
2
188
1
1
7
1
1
1
1
50
9
2
45
1
2
11
57
8
2
129
1
20
452
1
2
21
38
3
14
1
3
1
11
1
1
22
83
1
1
3
1
9
1
4
62626
2
3646
14
1
4
4
4
11
2
15
1
1
27
40
1
2
1
1
1
9816
2
1
2
2
4
1
1
3
55
33
22597
1
6
2
2
3
1
2
2
1
4
3
2
1
5
1
1
2
1
104
17
1
31
2
99
14
3
9
2
23
30
1
2
5
2
1
3
1
1
5
1
2
12
2
1
12
1
14
2
11
6
41
7
1
2
12
1
1
500
2
13
1
11
1
24
1
1
5
93
13
1
1
4
5
1
4
1
2
23
132
1
4
1
10
130
2
4
1
1
1
1
21
1
3
4
2
1
1
1
2
3
1
123
1
6
10
138
15
97
1
1
6
6
1
1
1
1
5
6
1
17
2
80
181
26
2
6
10
1
1
340
1
125
1
686
1
2
1
17
1
18
1
1
1
20
7
1
3
1
5
2
3
2
1
8
5888
2
1
1
1
41
1
55
1
1
1
2
2964
8
3
1
31
2
61
1
3
4
1
16
5
2
3
512155
3
5
4
1
2
2
1
1721
1
1
2
1
1
1
16
1
1
2
3
2
1
1
1
2
11
3
5
5
9
1
2
1
1
10
5
1
2
4
1
151
67
17
5
1
13
1
2
5
4
165
2
10
7
1
1
1
10
15
3
20
1
1
1
5
1
10
4
1
17
2
76
3955
2
35
2
1
54300
18
1
1
22
2
1
1
1
2075
1
1
1
2
4
2
2
4
3
1
1
1
1
2
1
1
1
47
5
1
3
1
1
3
1
1
3
1
1
1
1
3
2
1
412
1
916
5
1
4993
468624
3
3
1
2
4
2
1
2
1
1
5
14
1
2180
1
21
1
18
1
2
1
7
84
562
1
20
3
3
7
1
126
3
1
3
2
1
1
104
2
2
6546
58
20070737
1
1
2
1
1
1419
2
1
26
3
1
1
2
7
37
40
2
6
48
1
2
29
3
1
1
7
1
416
1
1
2
1
29
2
5
2
1
78
1
3
10
6
2
1
1396
1
150
112
1
2
617
4
12
1
3
1
2
39
2294
5
1
1
25
107
1
3
2
1
1
14
