4
19
5
5
2
32
22
6
25
12
15
10
20
13
1
2
9
7
39
10
81
28
39
5
37
18
40
44
1
30
14
4
10
24
9
13
14
1
24
6
13
6
18
3
25
21
5
2
52
2
13
48
33
9
3
21
54
77
16
54
28
1
3
4
26
13
20
6
14
8
13
64
17
2
2
7
25
6
9
21
8
36
17
3
4
22
29
3
21
8
1
11
9
3
17
2
18
4
8
2
15
30
1
2
38
3
9
17
10
25
5
23
16
29
33
26
12
18
35
2
45
41
14
6
1
2
8
19
6
20
24
29
11
28
37
7
41
5
36
6
51
1
58
13
34
28
5
7
9
1
9
6
47
40
13
50
52
31
16
4
11
6
58
36
1
31
3
41
1
57
3
52
107
2
11
34
36
19
2
4
20
12
11
16
8
45
13
6
24
1
11
3
6
10
66
6
4
2
3
4
1
6
2
1
8
14
36
4
3
50
9
28
10
29
7
23
22
29
51
9
30
9
14
1
25
12
7
43
15
11
2
16
22
4
17
112
21
11
4
29
8
15
15
24
7
34
10
63
18
8
8
9
21
33
10
10
7
22
6
32
2
8
9
27
13
48
27
3
8
47
43
20
11
11
8
25
5
25
22
33
1
110
4
22
33
17
1
2
6
7
42
8
19
5
2
2
3
32
5
12
24
2
2
3
14
11
36
26
3
14
15
4
14
25
34
8
7
39
10
14
4
7
34
30
14
42
39
20
22
2
2
10
4
4
14
22
19
9
10
27
37
52
44
9
20
25
22
47
17
2
11
26
9
6
15
37
3
10
13
31
12
17
4
19
28
22
7
9
1
22
3
39
18
102
5
5
24
43
3
7
59
16
1
7
31
15
3
47
45
19
24
9
5
40
58
58
16
5
8
16
42
11
11
13
11
20
24
3
15
35
10
13
10
11
29
4
52
46
2
35
15
30
4
25
21
3
21
4
9
65
27
5
10
4
23
30
32
10
44
8
5
7
32
18
23
17
29
19
13
37
12
83
19
19
24
6
27
9
12
2
8
5
8
23
9
100
13
4
10
9
13
18
20
7
5
8
37
67
54
8
33
10
7
12
133
101
24
27
9
3
34
21
8
3
9
23
3
33
37
14
4
8
2
33
19
7
3
12
6
2
29
2
12
2
14
12
2
5
5
11
9
1
2
22
3
11
9
6
5
5
27
10
15
35
5
3
3
8
18
10
11
9
13
38
11
67
7
13
4
13
43
14
14
59
5
19
9
16
38
18
28
18
79
7
11
5
11
16
15
1
56
51
9
11
30
30
10
2
6
16
17
4
1
2
3
6
22
13
30
15
2
15
3
1
34
16
5
6
2
27
6
1
22
18
12
12
10
33
15
20
9
2
31
10
3
44
20
32
9
11
8
11
56
12
12
28
78
21
92
2
10
6
3
2
35
16
14
5
9
1
37
24
3
20
3
6
15
26
2
41
3
10
7
2
33
25
35
32
10
34
41
29
2
84
36
42
16
9
2
45
10
52
19
14
17
24
28
2
12
33
66
17
5
6
21
1
65
13
32
9
7
22
3
9
21
59
6
5
7
8
2
23
6
24
5
33
11
58
45
37
28
39
11
56
3
2
57
2
15
27
11
35
11
15
4
2
13
11
7
30
26
9
13
80
2
21
31
13
18
24
8
9
16
26
7
22
31
6
27
8
81
4
4
10
23
8
13
4
28
27
51
13
3
10
13
4
1
6
21
20
61
73
103
15
24
7
4
14
15
50
33
15
2
62
49
28
7
10
47
1
3
35
15
6
5
97
11
6
6
2
46
5
2
45
26
28
5
46
6
26
35
2
6
46
1
4
21
8
16
17
9
22
10
40
49
19
39
9
43
3
11
31
8
13
23
2
6
42
64
13
18
31
16
36
23
17
102
9
41
16
49
5
5
8
2
3
54
60
13
34
2
44
19
11
9
7
13
18
4
11
2
30
5
20
19
46
5
19
6
2
4
4
7
9
13
10
14
11
8
69
6
10
39
38
32
5
4
6
34
8
23
44
3
45
15
26
32
25
9
2
30
14
5
2
39
24
12
9
3
29
8
10
4
5
6
70
11
10
6
5
25
51
3
35
34
20
16
19
9
45
22
3
10
45
5
6
18
20
19
26
10
53
3
17
3
8
16
15
24
30
28
11
24
41
6
15
15
33
3
40
24
33
115
3
25
5
9
8
34
61
1
5
43
3
31
1
13
8
15
4
3
7
18
33
4
37
8
22
21
13
