1
1
1
1
2
6
1
1
7
1
53
4
1
1
1
1
1
1
1
1
2
1
2
14
1
2
5
1
1
1
1
2
1
1
1
1
3
1
6
1
1
1
8
1
1
1
1
1
1
1
1
1
1
1
1
1
1
5
1
1
1
3
1
1
1
2
1
1
1
10
1
2
4
1
1
2
1
1
1
6
10
2
1
1
1
1
3
2
1
1
1
1
14
1
2
1
2
8
1
3
1
1
3
1
1
1
5
1
1
1
3
1
4
1
1
1
1
1
1
1
1
1
1
1
1
3
1
1
1
2
1
3
1
2
1
1
1
1
1
2
1
5
1
7
2
1
1
1
1
3
1
1
1
1
2
1
1
1
1
2
3
1
2
1
2
2
1
17
1
1
1
2
4
1
1
1
1
1
1
1
2
1
1
2
1
1
1
1
3
1
1
1
1
1
1
1
1
1
1
1
2
2
1
1
1
1
1
1
1
3
1
1
1
1
1
1
1
1
12
2
1
1
2
1
3
1
1
2
1
1
1
1
2
4
1
1
1
1
1
1
1
1
2
1
1
1
2
1
1
1
1
1
1
1
1
2
1
1
1
2
1
1
1
1
1
1
1
1
2
2
2
2
2
2
1
1
2
2
2
1
1
2
1
2
1
3
1
1
1
1
1
2
1
1
1
1
1
1
1
2
1
1
1
1
2
1
2
1
1
1
1
1
1
1
1
2
1
1
1
1
1
1
1
1
2
1
1
1
4
1
1
1
1
1
2
1
1
1
1
1
1
1
1
1
3
1
1
1
1
2
1
6
3
1
1
3
3
1
5
1
1
1
1
1
1
1
2
3
2
2
3
1
1
1
1
1
2
2
5
6
3
1
1
1
2
1
1
1
5
1
1
1
2
1
1
1
3
1
1
1
1
2
2
1
1
1
1
1
1
1
1
1
2
1
1
1
1
3
1
5
1
3
5
1
1
1
1
2
1
1
1
1
1
6
1
1
1
1
1
1
4
2
2
2
1
1
1
1
1
1
1
2
1
51
4
3
1
1
1
2
1
2
1
1
1
1
1
2
1
1
1
2
1
1
1
3
1
2
4
1
1
1
4
1
1
1
1
1
1
1
1
2
1
2
1
1
1
1
1
1
1
1
1
1
1
1
1
1
1
1
1
1
1
1
1
2
1
1
2
1
1
1
2
2
1
2
1
1
1
1
1
1
1
1
1
1
1
1
1
1
10
2
4
1
1
1
1
1
1
1
1
1
2
4
1
1
2
1
6
1
1
1
4
1
1
1
1
1
1
1
1
1
1
3
1
1
1
1
1
1
1
9
1
1
1
4
2
1
2
1
1
1
3
3
1
1
1
1
1
1
1
1
20
1
1
1
1
1
1
1
1
1
1
1
1
1
2
1
1
1
3
1
1
1
2
1
1
1
1
1
1
1
1
1
2
1
1
1
1
1
4
1
1
1
1
1
1
1
1
1
3
1
2
1
1
1
1
1
1
1
1
1
5
1
1
1
5
2
1
4
5
2
1
1
13
1
1
1
1
1
1
1
1
3
2
5
1
6
1
2
1
1
1
1
1
7
1
1
1
1
1
1
1
3
1
1
1
1
2
1
2
6
1
3
1
3
2
5
1
1
1
1
1
1
1
1
1
2
1
2
1
1
2
1
6
6
2
10
1
1
1
1
1
1
1
5
2
3
1
1
1
1
2
1
1
1
1
7
1
3
1
1
1
5
1
1
1
1
1
4
1
2
4
2
1
3
4
1
1
37
3
1
4
1
1
2
1
1
2
2
1
2
1
1
1
1
1
1
23
9
20
1
1
3
1
1
1
1
1
1
5
2
5
1
1
1
1
1
1
1
1
2
1
1
1
1
2
1
1
2
1
1
1
2
1
2
1
1
1
1
4
1
1
1
1
1
1
1
1
2
1
2
2
1
1
1
1
1
2
1
1
7
1
1
2
3
1
1
1
2
1
1
2
2
1
1
1
2
1
2
1
1
1
1
1
6
2
3
1
1
1
1
1
1
1
2
1
7
2
2
1
1
5
1
1
1
1
5
1
1
1
11
1
1
2
1
1
1
1
1
1
1
1
1
1
9
1
1
1
1
2
1
1
2
1
1
2
3
1
1
4
1
1
2
2
1
3
1
1
2
2
1
1
1
3
1
1
1
1
1
1
2
1
1
1
2
2
1
1
1
1
1
2
1
5
1
3
1
1
2
1
1
5
1
1
1
1
2
1
1
2
1
1
3
1
1
1
2
1
1
