1
1
5
1
1
3
1
1
1
1
1
1
4
1
1
4
1
2
1
1
1
1
1
1
3
1
2
1
1
1
1
1
1
3
3
2
13
1
10
1
4
1
1
1
1
3
1
1
1
1
1
1
1
6
1
1
1
18
4
3
1
1
1
1
3
1
1
2
2
1
1
1
1
1
1
1
3
1
15
3
1
1
3
1
1
2
4
1
1
1
3
1
11
1
1
1
1
1
1
7
1
2
3
2
1
1
1
1
2
22
1
1
1
1
1
2
1
6
2
1
1
1
2
1
2
3
3
1
1
1
1
1
1
1
2
1
1
1
39
4
2
1
1
1
5
3
3
1
1
4
2
1
6
1
1
1
1
1
1
1
1
2
1
1
1
1
18
2
1
2
1
1
2
2
1
1
1
4
2
10
1
1
4
1
2
1
1
36
1
1
1
1
3
1
1
2
1
37
1
2
1
1
29
2
1
1
6
1
1
2
1
9
1
1
1
2
1
5
1
1
4
2
4
1
1
2
4
1
1
1
5
10
1
1
2
2
3
1
1
2
1
1
1
1
1
1
2
6
1
10
5
1
2
2
1
1
1
7
1
1
2
1
1
4
1
1
1
7
1
7
2
2
1
4
2
1
1
1
1
2
18
3
2
1
1
1
2
1
1
1
1
1
3
3
1
2
1
1
2
1
1
2
2
1
1
2
4
1
1
2
1
2
1
1
3
1
2
1
1
7
1
2
1
2
1
1
1
1
1
1
3
1
2
1
1
7
1
1
1
1
1
1
1
1
4
2
1
34
62
1
1
1
2
4
1
82
4
1
1
8
3
1
4
4
2
10
2
2
1
1
1
4
1
1
1
1
1
1
6
2
1
1
1
27
1
1
1
4
45
2
1
1
3
5
1
1
1
20
1
1
2
1
2
1
1
1
17
1
1
1
2
223
1
4
1
2
2
1
1
1
22
1
2
11
1
1
1
1
1
1
2
1
3
1
2
1
3
1
1
1
1
1
2
362
2
3
1
3
1
33
2
1
1
1
9
1
3
2
3
4
1
1
7
1
2
2
1
4
1
1
36
1
1
2
5
3
5
5
1
1
6
2
1
1
3
1
1
3
1
1
1
1
2
2
2
2
1
1
1
55
1
1
2
1
1
1
1
21
3
50
2
2
2
1
1
1
3
1
9
2
2
3
8
1
1
2
1
2
1
2
1
7
2
1
1
1
1
1
1
1
3
1
1
15
4
2
2
5
2
1
2
1
1
1
3
2
1
1
1
2
2
1
102
1
1
1
3
1
8
1
1
1
7
3
2
1
1
1
28
1
1
1
1
1
318
2
1
1
1
3
1
1
8
3
1
1
2
1
1
1
1
1
9
2
2
1
1
1
2
1
1
2
2
1
1
1
1
3
62
4
182
5
1
1
1
9
1
4
1
3
1
1
26
1
1
1
1
2
1
2
3
1
1
1
1
4
1
2
1
34
1
1
2
55
1
3
9
1
1
1
1
1
1
1
2
1
6
28
2
1
1
1
2
1
106
1
1
1
4
17
4
1
1
2
2
1
1
1
1
1
1
4
2
2
2
1
1
1
1
1
1
1
11
2
1
1
1
2
23
2
1
1
1
1
22
3
1
1
1
1
1
1
2
8
1
1
4
2
1
1
199
139
1
1
1
1
1
1
4
7
18
1
1
1
2
3
1
1
1
1
5
2
1
1
8
7
1
13
3
2
1
1
18
13
1
1
1
3
1
5
14
2
2
2
1
1
4
1
2
1
1
1
1
2
3
1
4
2
1
1
1
1
2
1
1
6
3
1
1
3
4
4
5
1
13
3
17
2
24
2
2
3
5
85
1
2
1
1
1
3
1
8
1
3
1
4
3
1
1
1
1
3
1
16
2
1
1
1
1
1
2
1
1
9
1
1
1
1
12
5
1
1
1
3
2
1
2
2
1
8
1
1
1
1
2
1
1
1
1
2
36
1
1
1
1
7
1
4
2
1
15
1
1
1
1
1
1
2
2
1
1
1
1
2
4
2
4
1
1
1
1
1
2
1
5
2
1
1
1
1
1
1
1
1
2
3
1
1
1
5
1
1
1
1
1
1
1
2
1
1
8
1
4
3
1
1
16
1
1
1
3
1
7
1
2
1
1
1
8
1
5
1
1
2
1
1
1
1
1
9
1
1
1
3
4
187
1
90
1
3
1
1
2
1
1
4
1
2
3
2
2
1
1
1
1
3
2
1
1
1
1
5
2
1
1
4
3
2
8
1
