8
5
4
8
6
49
13
16
4
8
14
5
15
10
7
9
11
29
23
3
2
1
7
12
17
10
8
2
4
3
10
19
9
22
5
1
22
2
18
3
12
9
8
6
3
1
1
24
37
28
2
2
31
9
17
15
3
5
25
8
9
8
5
2
6
16
3
4
26
1
8
10
10
1
1
22
1
2
16
1
1
23
2
1
7
51
16
12
5
13
3
32
4
10
2
12
6
4
1
5
5
8
46
1
10
1
22
13
3
12
16
3
10
48
4
2
43
2
17
5
19
1
4
2
13
6
18
2
15
21
8
2
6
8
2
1
10
1
17
16
14
10
1
5
10
5
7
10
7
4
39
5
5
4
7
2
14
4
4
8
3
17
11
11
5
17
14
36
19
9
15
10
3
20
42
19
3
7
7
14
15
6
2
2
14
9
3
8
23
8
1
2
5
13
15
13
8
8
12
6
2
7
1
5
5
1
3
9
7
11
5
3
2
6
6
22
1
11
6
30
3
7
1
9
3
19
4
14
5
46
2
8
7
3
20
17
3
1
6
12
14
16
33
21
4
5
15
4
1
3
4
4
12
5
18
23
3
2
11
10
2
19
2
9
1
1
6
4
1
21
95
18
12
33
13
32
5
7
4
6
13
8
11
6
24
8
4
2
11
1
14
16
20
22
6
27
24
19
3
1
13
3
19
6
3
9
5
8
2
12
32
18
3
10
3
2
2
9
4
19
10
1
11
7
31
1
6
20
26
11
21
11
22
13
2
1
4
7
10
6
3
9
4
6
3
8
10
6
2
26
4
15
48
30
4
30
1
12
17
32
5
13
10
3
6
14
5
15
3
59
3
6
9
7
24
20
1
8
4
3
7
9
1
6
8
4
6
9
41
3
8
5
34
3
9
6
28
33
3
3
32
6
11
9
37
9
6
1
2
13
4
9
5
4
1
23
9
7
7
8
13
1
24
12
3
8
2
3
7
5
5
6
17
1
1
16
11
6
19
15
3
2
5
8
6
6
6
1
27
34
8
11
1
7
5
4
1
8
7
7
22
20
30
12
29
37
7
9
6
5
5
10
7
15
3
28
3
11
29
2
10
7
19
11
1
3
29
1
14
6
7
11
4
6
5
3
6
22
19
21
4
3
8
15
1
13
13
4
5
12
6
1
3
4
13
3
8
11
3
4
1
13
40
5
2
5
10
10
3
7
7
8
14
1
4
15
14
1
1
2
13
7
3
29
17
29
2
5
10
5
12
12
1
11
2
4
1
13
22
4
3
5
18
43
6
2
15
2
3
17
5
30
5
9
22
2
8
1
8
2
6
3
20
7
24
40
15
32
13
11
3
34
1
1
31
7
3
13
11
6
8
1
6
23
10
4
1
2
5
10
4
16
19
3
4
14
2
2
13
23
15
55
21
19
1
18
4
5
9
1
17
2
1
3
1
11
8
2
17
27
13
2
13
9
4
1
5
7
2
1
6
30
1
4
16
2
2
2
8
12
2
5
18
3
9
22
21
2
1
12
1
14
18
18
4
2
22
11
11
1
14
2
1
18
5
18
1
8
41
8
3
2
23
2
5
7
1
3
10
1
30
13
14
16
9
1
34
7
15
11
8
8
14
8
5
2
5
6
12
5
32
32
8
20
1
23
5
1
2
1
1
2
13
19
23
4
29
21
15
13
8
4
4
4
21
11
6
4
1
2
11
1
2
3
23
2
2
3
3
4
3
5
5
1
3
4
4
2
2
2
21
12
6
2
57
4
16
6
9
21
9
3
25
12
7
17
22
9
1
2
19
5
7
3
5
12
8
12
19
12
16
13
6
3
22
6
8
12
20
2
9
6
5
8
2
20
5
1
6
6
3
4
16
13
8
2
6
1
21
4
16
11
1
3
23
30
10
6
11
7
9
3
38
39
16
2
19
2
3
4
9
7
10
6
3
2
9
11
3
7
40
1
2
1
4
1
54
27
7
11
6
1
27
6
1
13
9
25
21
18
3
7
4
18
22
8
1
7
3
3
31
3
4
2
3
10
2
3
8
11
23
1
14
18
6
17
9
1
14
6
20
38
27
2
17
17
13
18
4
29
2
4
2
6
5
5
1
8
10
9
3
8
9
45
5
1
17
29
1
9
5
26
8
5
2
5
2
19
3
7
16
4
14
29
14
2
4
16
12
35
5
27
7
1
25
21
1
14
18
2
4
3
1
20
9
2
3
15
1
7
3
16
15
1
14
8
2
2
5
22
1
14
17
9
14
14
7
16
7
4
